1.535670162411406636e-05 1.685391362116206437e-05 1.848037027230020612e-05 2.022672924795188010e-05 2.207271609222516418e-05 2.398397191427648067e-05 2.590922667877748609e-05 2.777911868179216981e-05 2.950768794107716531e-05 3.099791865679435432e-05 3.215174365323036909e-05 3.288355947006493807e-05 3.313450361019931734e-05 3.288355947006493807e-05 3.215174365323036909e-05 3.099791865679435432e-05 2.950768794107716531e-05 2.777911868179216981e-05 2.590922667877748609e-05 2.398397191427648067e-05 2.207271609222516418e-05 2.022672924795188010e-05 1.848037027230020612e-05 1.685391362116206437e-05 1.535670162411406636e-05
1.685391362116206437e-05 1.865071317297406495e-05 2.063443389488384128e-05 2.280175249325111508e-05 2.513545950932893902e-05 2.759875314950477332e-05 3.012952038261573762e-05 3.263616599724628031e-05 3.499730519251897931e-05 3.706802453962154686e-05 3.869460852001793683e-05 3.973725324613042176e-05 4.009679469163529575e-05 3.973725324613042176e-05 3.869460852001793683e-05 3.706802453962154686e-05 3.499730519251897931e-05 3.263616599724628031e-05 3.012952038261573762e-05 2.759875314950477332e-05 2.513545950932893902e-05 2.280175249325111508e-05 2.063443389488384128e-05 1.865071317297406495e-05 1.685391362116206437e-05
1.848037027230020612e-05 2.063443389488384128e-05 2.305489942955318838e-05 2.575092003098689020e-05 2.871517244784627110e-05 3.191456926288083196e-05 3.527961598592810333e-05 3.869460852001793683e-05 4.199218165013007820e-05 4.495607572607696056e-05 4.733760943054221570e-05 4.889186675427481532e-05 4.943327439832501113e-05 4.889186675427481532e-05 4.733760943054221570e-05 4.495607572607696056e-05 4.199218165013007820e-05 3.869460852001793683e-05 3.527961598592810333e-05 3.191456926288083196e-05 2.871517244784627110e-05 2.575092003098689020e-05 2.305489942955318838e-05 2.063443389488384128e-05 1.848037027230020612e-05
2.022672924795188010e-05 2.280175249325111508e-05 2.575092003098689020e-05 2.910635885200463235e-05 3.288355947006493807e-05 3.706802453962154686e-05 4.159946183790452778e-05 4.635552249965257943e-05 5.113433144288137555e-05 5.563148079090751708e-05 5.942224743193946779e-05 6.199959898367524147e-05 6.291903264354914427e-05 6.199959898367524147e-05 5.942224743193946779e-05 5.563148079090751708e-05 5.113433144288137555e-05 4.635552249965257943e-05 4.159946183790452778e-05 3.706802453962154686e-05 3.288355947006493807e-05 2.910635885200463235e-05 2.575092003098689020e-05 2.280175249325111508e-05 2.022672924795188010e-05
2.207271609222516418e-05 2.513545950932893902e-05 2.871517244784627110e-05 3.288355947006493807e-05 3.770282273762859404e-05 4.321449523558840156e-05 4.943327439832501113e-05 5.634559420286677778e-05 6.387198664015159011e-05 7.170585740823298693e-05 7.903671212261542678e-05 8.446230640402063727e-05 8.649055234855040908e-05 8.446230640402063727e-05 7.903671212261542678e-05 7.170585740823298693e-05 6.387198664015159011e-05 5.634559420286677778e-05 4.943327439832501113e-05 4.321449523558840156e-05 3.770282273762859404e-05 3.288355947006493807e-05 2.871517244784627110e-05 2.513545950932893902e-05 2.207271609222516418e-05
2.398397191427648067e-05 2.759875314950477332e-05 3.191456926288083196e-05 3.706802453962154686e-05 4.321449523558840156e-05 5.055396832176484168e-05 5.942224743193946779e-05 7.043959340080618858e-05 8.446230640402063727e-05 1.017963513731956482e-04 1.205997104989364743e-04 1.359903108095750213e-04 1.420351909473538399e-04 1.359903108095750213e-04 1.205997104989364743e-04 1.017963513731956482e-04 8.446230640402063727e-05 7.043959340080618858e-05 5.942224743193946779e-05 5.055396832176484168e-05 4.321449523558840156e-05 3.706802453962154686e-05 3.191456926288083196e-05 2.759875314950477332e-05 2.398397191427648067e-05
2.590922667877748609e-05 3.012952038261573762e-05 3.527961598592810333e-05 4.159946183790452778e-05 4.943327439832501113e-05 5.942224743193946779e-05 7.303171878447756171e-05 9.338681411463767290e-05 1.253170339623466134e-04 1.722270535537973046e-04 2.292838908033445477e-04 2.791163569781929255e-04 2.992590598296374083e-04 2.791163569781929255e-04 2.292838908033445477e-04 1.722270535537973046e-04 1.253170339623466134e-04 9.338681411463767290e-05 7.303171878447756171e-05 5.942224743193946779e-05 4.943327439832501113e-05 4.159946183790452778e-05 3.527961598592810333e-05 3.012952038261573762e-05 2.590922667877748609e-05
2.777911868179216981e-05 3.263616599724628031e-05 3.869460852001793683e-05 4.635552249965257943e-05 5.634559420286677778e-05 7.043959340080618858e-05 9.338681411463767290e-05 1.359903108095750213e-04 2.156327536795288324e-04 3.460893640294671059e-04 5.145380855537950993e-04 6.662617088295519352e-04 7.284039165824651718e-04 6.662617088295519352e-04 5.145380855537950993e-04 3.460893640294671059e-04 2.156327536795288324e-04 1.359903108095750213e-04 9.338681411463767290e-05 7.043959340080618858e-05 5.634559420286677778e-05 4.635552249965257943e-05 3.869460852001793683e-05 3.263616599724628031e-05 2.777911868179216981e-05
2.950768794107716531e-05 3.499730519251897931e-05 4.199218165013007820e-05 5.113433144288137555e-05 6.387198664015159011e-05 8.446230640402063727e-05 1.253170339623466134e-04 2.156327536795288324e-04 4.033692530356347561e-04 7.284039165824651718e-04 1.160729094408452511e-03 1.558214309625327587e-03 1.723701367154717445e-03 1.558214309625327587e-03 1.160729094408452511e-03 7.284039165824651718e-04 4.033692530356347561e-04 2.156327536795288324e-04 1.253170339623466134e-04 8.446230640402063727e-05 6.387198664015159011e-05 5.113433144288137555e-05 4.199218165013007820e-05 3.499730519251897931e-05 2.950768794107716531e-05
3.099791865679435432e-05 3.706802453962154686e-05 4.495607572607696056e-05 5.563148079090751708e-05 7.170585740823298693e-05 1.017963513731956482e-04 1.722270535537973046e-04 3.460893640294671059e-04 7.284039165824651718e-04 1.410711207427084446e-03 2.365686465054750443e-03 3.427287563681602478e-03 4.000631626695394516e-03 3.427287563681602478e-03 2.365686465054750443e-03 1.410711207427084446e-03 7.284039165824651718e-04 3.460893640294671059e-04 1.722270535537973046e-04 1.017963513731956482e-04 7.170585740823298693e-05 5.563148079090751708e-05 4.495607572607696056e-05 3.706802453962154686e-05 3.099791865679435432e-05
3.215174365323036909e-05 3.869460852001793683e-05 4.733760943054221570e-05 5.942224743193946779e-05 7.903671212261542678e-05 1.205997104989364743e-04 2.292838908033445477e-04 5.145380855537950993e-04 1.160729094408452511e-03 2.365686465054750443e-03 4.812090657651424408e-03 1.139105483889579773e-02 1.732726208865642548e-02 1.139105483889579773e-02 4.812090657651424408e-03 2.365686465054750443e-03 1.160729094408452511e-03 5.145380855537950993e-04 2.292838908033445477e-04 1.205997104989364743e-04 7.903671212261542678e-05 5.942224743193946779e-05 4.733760943054221570e-05 3.869460852001793683e-05 3.215174365323036909e-05
3.288355947006493807e-05 3.973725324613042176e-05 4.889186675427481532e-05 6.199959898367524147e-05 8.446230640402063727e-05 1.359903108095750213e-04 2.791163569781929255e-04 6.662617088295519352e-04 1.558214309625327587e-03 3.427287563681602478e-03 1.139105483889579773e-02 4.783461987972259521e-02 8.459412306547164917e-02 4.783461987972259521e-02 1.139105483889579773e-02 3.427287563681602478e-03 1.558214309625327587e-03 6.662617088295519352e-04 2.791163569781929255e-04 1.359903108095750213e-04 8.446230640402063727e-05 6.199959898367524147e-05 4.889186675427481532e-05 3.973725324613042176e-05 3.288355947006493807e-05
3.313450361019931734e-05 4.009679469163529575e-05 4.943327439832501113e-05 6.291903264354914427e-05 8.649055234855040908e-05 1.420351909473538399e-04 2.992590598296374083e-04 7.284039165824651718e-04 1.723701367154717445e-03 4.000631626695394516e-03 1.732726208865642548e-02 8.459412306547164917e-02 1.534041762351989746e-01 8.459412306547164917e-02 1.732726208865642548e-02 4.000631626695394516e-03 1.723701367154717445e-03 7.284039165824651718e-04 2.992590598296374083e-04 1.420351909473538399e-04 8.649055234855040908e-05 6.291903264354914427e-05 4.943327439832501113e-05 4.009679469163529575e-05 3.313450361019931734e-05
3.288355947006493807e-05 3.973725324613042176e-05 4.889186675427481532e-05 6.199959898367524147e-05 8.446230640402063727e-05 1.359903108095750213e-04 2.791163569781929255e-04 6.662617088295519352e-04 1.558214309625327587e-03 3.427287563681602478e-03 1.139105483889579773e-02 4.783461987972259521e-02 8.459412306547164917e-02 4.783461987972259521e-02 1.139105483889579773e-02 3.427287563681602478e-03 1.558214309625327587e-03 6.662617088295519352e-04 2.791163569781929255e-04 1.359903108095750213e-04 8.446230640402063727e-05 6.199959898367524147e-05 4.889186675427481532e-05 3.973725324613042176e-05 3.288355947006493807e-05
3.215174365323036909e-05 3.869460852001793683e-05 4.733760943054221570e-05 5.942224743193946779e-05 7.903671212261542678e-05 1.205997104989364743e-04 2.292838908033445477e-04 5.145380855537950993e-04 1.160729094408452511e-03 2.365686465054750443e-03 4.812090657651424408e-03 1.139105483889579773e-02 1.732726208865642548e-02 1.139105483889579773e-02 4.812090657651424408e-03 2.365686465054750443e-03 1.160729094408452511e-03 5.145380855537950993e-04 2.292838908033445477e-04 1.205997104989364743e-04 7.903671212261542678e-05 5.942224743193946779e-05 4.733760943054221570e-05 3.869460852001793683e-05 3.215174365323036909e-05
3.099791865679435432e-05 3.706802453962154686e-05 4.495607572607696056e-05 5.563148079090751708e-05 7.170585740823298693e-05 1.017963513731956482e-04 1.722270535537973046e-04 3.460893640294671059e-04 7.284039165824651718e-04 1.410711207427084446e-03 2.365686465054750443e-03 3.427287563681602478e-03 4.000631626695394516e-03 3.427287563681602478e-03 2.365686465054750443e-03 1.410711207427084446e-03 7.284039165824651718e-04 3.460893640294671059e-04 1.722270535537973046e-04 1.017963513731956482e-04 7.170585740823298693e-05 5.563148079090751708e-05 4.495607572607696056e-05 3.706802453962154686e-05 3.099791865679435432e-05
2.950768794107716531e-05 3.499730519251897931e-05 4.199218165013007820e-05 5.113433144288137555e-05 6.387198664015159011e-05 8.446230640402063727e-05 1.253170339623466134e-04 2.156327536795288324e-04 4.033692530356347561e-04 7.284039165824651718e-04 1.160729094408452511e-03 1.558214309625327587e-03 1.723701367154717445e-03 1.558214309625327587e-03 1.160729094408452511e-03 7.284039165824651718e-04 4.033692530356347561e-04 2.156327536795288324e-04 1.253170339623466134e-04 8.446230640402063727e-05 6.387198664015159011e-05 5.113433144288137555e-05 4.199218165013007820e-05 3.499730519251897931e-05 2.950768794107716531e-05
2.777911868179216981e-05 3.263616599724628031e-05 3.869460852001793683e-05 4.635552249965257943e-05 5.634559420286677778e-05 7.043959340080618858e-05 9.338681411463767290e-05 1.359903108095750213e-04 2.156327536795288324e-04 3.460893640294671059e-04 5.145380855537950993e-04 6.662617088295519352e-04 7.284039165824651718e-04 6.662617088295519352e-04 5.145380855537950993e-04 3.460893640294671059e-04 2.156327536795288324e-04 1.359903108095750213e-04 9.338681411463767290e-05 7.043959340080618858e-05 5.634559420286677778e-05 4.635552249965257943e-05 3.869460852001793683e-05 3.263616599724628031e-05 2.777911868179216981e-05
2.590922667877748609e-05 3.012952038261573762e-05 3.527961598592810333e-05 4.159946183790452778e-05 4.943327439832501113e-05 5.942224743193946779e-05 7.303171878447756171e-05 9.338681411463767290e-05 1.253170339623466134e-04 1.722270535537973046e-04 2.292838908033445477e-04 2.791163569781929255e-04 2.992590598296374083e-04 2.791163569781929255e-04 2.292838908033445477e-04 1.722270535537973046e-04 1.253170339623466134e-04 9.338681411463767290e-05 7.303171878447756171e-05 5.942224743193946779e-05 4.943327439832501113e-05 4.159946183790452778e-05 3.527961598592810333e-05 3.012952038261573762e-05 2.590922667877748609e-05
2.398397191427648067e-05 2.759875314950477332e-05 3.191456926288083196e-05 3.706802453962154686e-05 4.321449523558840156e-05 5.055396832176484168e-05 5.942224743193946779e-05 7.043959340080618858e-05 8.446230640402063727e-05 1.017963513731956482e-04 1.205997104989364743e-04 1.359903108095750213e-04 1.420351909473538399e-04 1.359903108095750213e-04 1.205997104989364743e-04 1.017963513731956482e-04 8.446230640402063727e-05 7.043959340080618858e-05 5.942224743193946779e-05 5.055396832176484168e-05 4.321449523558840156e-05 3.706802453962154686e-05 3.191456926288083196e-05 2.759875314950477332e-05 2.398397191427648067e-05
2.207271609222516418e-05 2.513545950932893902e-05 2.871517244784627110e-05 3.288355947006493807e-05 3.770282273762859404e-05 4.321449523558840156e-05 4.943327439832501113e-05 5.634559420286677778e-05 6.387198664015159011e-05 7.170585740823298693e-05 7.903671212261542678e-05 8.446230640402063727e-05 8.649055234855040908e-05 8.446230640402063727e-05 7.903671212261542678e-05 7.170585740823298693e-05 6.387198664015159011e-05 5.634559420286677778e-05 4.943327439832501113e-05 4.321449523558840156e-05 3.770282273762859404e-05 3.288355947006493807e-05 2.871517244784627110e-05 2.513545950932893902e-05 2.207271609222516418e-05
2.022672924795188010e-05 2.280175249325111508e-05 2.575092003098689020e-05 2.910635885200463235e-05 3.288355947006493807e-05 3.706802453962154686e-05 4.159946183790452778e-05 4.635552249965257943e-05 5.113433144288137555e-05 5.563148079090751708e-05 5.942224743193946779e-05 6.199959898367524147e-05 6.291903264354914427e-05 6.199959898367524147e-05 5.942224743193946779e-05 5.563148079090751708e-05 5.113433144288137555e-05 4.635552249965257943e-05 4.159946183790452778e-05 3.706802453962154686e-05 3.288355947006493807e-05 2.910635885200463235e-05 2.575092003098689020e-05 2.280175249325111508e-05 2.022672924795188010e-05
1.848037027230020612e-05 2.063443389488384128e-05 2.305489942955318838e-05 2.575092003098689020e-05 2.871517244784627110e-05 3.191456926288083196e-05 3.527961598592810333e-05 3.869460852001793683e-05 4.199218165013007820e-05 4.495607572607696056e-05 4.733760943054221570e-05 4.889186675427481532e-05 4.943327439832501113e-05 4.889186675427481532e-05 4.733760943054221570e-05 4.495607572607696056e-05 4.199218165013007820e-05 3.869460852001793683e-05 3.527961598592810333e-05 3.191456926288083196e-05 2.871517244784627110e-05 2.575092003098689020e-05 2.305489942955318838e-05 2.063443389488384128e-05 1.848037027230020612e-05
1.685391362116206437e-05 1.865071317297406495e-05 2.063443389488384128e-05 2.280175249325111508e-05 2.513545950932893902e-05 2.759875314950477332e-05 3.012952038261573762e-05 3.263616599724628031e-05 3.499730519251897931e-05 3.706802453962154686e-05 3.869460852001793683e-05 3.973725324613042176e-05 4.009679469163529575e-05 3.973725324613042176e-05 3.869460852001793683e-05 3.706802453962154686e-05 3.499730519251897931e-05 3.263616599724628031e-05 3.012952038261573762e-05 2.759875314950477332e-05 2.513545950932893902e-05 2.280175249325111508e-05 2.063443389488384128e-05 1.865071317297406495e-05 1.685391362116206437e-05
1.535670162411406636e-05 1.685391362116206437e-05 1.848037027230020612e-05 2.022672924795188010e-05 2.207271609222516418e-05 2.398397191427648067e-05 2.590922667877748609e-05 2.777911868179216981e-05 2.950768794107716531e-05 3.099791865679435432e-05 3.215174365323036909e-05 3.288355947006493807e-05 3.313450361019931734e-05 3.288355947006493807e-05 3.215174365323036909e-05 3.099791865679435432e-05 2.950768794107716531e-05 2.777911868179216981e-05 2.590922667877748609e-05 2.398397191427648067e-05 2.207271609222516418e-05 2.022672924795188010e-05 1.848037027230020612e-05 1.685391362116206437e-05 1.535670162411406636e-05
