1.398910542960152270e-09 1.543354666289076249e-09 1.699081875194963231e-09 1.867871191052472568e-09 2.061486759075137343e-09 2.324850312263038177e-09 2.781221697389923975e-09 3.676065229996083872e-09 5.332681407566042253e-09 7.915478938969044975e-09 1.106670932671249830e-08 1.377967784321754152e-08 1.486390122096281630e-08 1.377967784321754152e-08 1.106670932671249830e-08 7.915478938969044975e-09 5.332681407566042253e-09 3.676065229996083872e-09 2.781221697389923975e-09 2.324850312263038177e-09 2.061486759075137343e-09 1.867871191052472568e-09 1.699081875194963231e-09 1.543354666289076249e-09 1.398910542960152270e-09
1.543354666289076249e-09 1.715383945999349180e-09 1.908446956022658014e-09 2.150013500568093150e-09 2.561248546584238284e-09 3.558647820867122391e-09 6.245512551572574012e-09 1.279097716633259552e-08 2.604400783923210838e-08 4.748066828597075073e-08 7.405563451357011218e-08 9.709793147294476512e-08 1.063323722405584704e-07 9.709793147294476512e-08 7.405563451357011218e-08 4.748066828597075073e-08 2.604400783923210838e-08 1.279097716633259552e-08 6.245512551572574012e-09 3.558647820867122391e-09 2.561248546584238284e-09 2.150013500568093150e-09 1.908446956022658014e-09 1.715383945999349180e-09 1.543354666289076249e-09
1.699081875194963231e-09 1.908446956022658014e-09 2.183566216729104781e-09 2.731015857904139921e-09 4.437187506312056939e-09 1.031632468340148989e-08 2.832001477770518250e-08 7.405563451357011218e-08 1.680158305816803477e-07 3.208493524198274827e-07 5.107658012093452271e-07 6.756096695426094811e-07 7.416987273245467804e-07 6.756096695426094811e-07 5.107658012093452271e-07 3.208493524198274827e-07 1.680158305816803477e-07 7.405563451357011218e-08 2.832001477770518250e-08 1.031632468340148989e-08 4.437187506312056939e-09 2.731015857904139921e-09 2.183566216729104781e-09 1.908446956022658014e-09 1.699081875194963231e-09
1.867871191052472568e-09 2.150013500568093150e-09 2.731015857904139921e-09 4.845828183164258007e-09 1.377967784321754152e-08 4.748066828597075073e-08 1.532674218651663978e-07 4.239955728735367302e-07 9.815803423407487571e-07 1.889408963506866712e-06 3.017965127583011054e-06 3.997702606284292415e-06 4.390538833831669763e-06 3.997702606284292415e-06 3.017965127583011054e-06 1.889408963506866712e-06 9.815803423407487571e-07 4.239955728735367302e-07 1.532674218651663978e-07 4.748066828597075073e-08 1.377967784321754152e-08 4.845828183164258007e-09 2.731015857904139921e-09 2.150013500568093150e-09 1.867871191052472568e-09
2.061486759075137343e-09 2.561248546584238284e-09 4.437187506312056939e-09 1.377967784321754152e-08 5.665031110879681364e-08 2.215350320966535946e-07 7.416987273245467804e-07 2.074868689305731095e-06 4.822012215299764648e-06 9.295629752159584314e-06 1.485742632212350145e-05 1.968599644897039980e-05 2.162206874345429242e-05 1.968599644897039980e-05 1.485742632212350145e-05 9.295629752159584314e-06 4.822012215299764648e-06 2.074868689305731095e-06 7.416987273245467804e-07 2.215350320966535946e-07 5.665031110879681364e-08 1.377967784321754152e-08 4.437187506312056939e-09 2.561248546584238284e-09 2.061486759075137343e-09
2.324850312263038177e-09 3.558647820867122391e-09 1.031632468340148989e-08 4.748066828597075073e-08 2.215350320966535946e-07 8.940136808632814791e-07 3.017965127583011054e-06 8.463507583655882627e-06 1.968599644897039980e-05 3.796221790253184736e-05 6.068453512853011489e-05 8.041144610615447164e-05 8.832121966406702995e-05 8.041144610615447164e-05 6.068453512853011489e-05 3.796221790253184736e-05 1.968599644897039980e-05 8.463507583655882627e-06 3.017965127583011054e-06 8.940136808632814791e-07 2.215350320966535946e-07 4.748066828597075073e-08 1.031632468340148989e-08 3.558647820867122391e-09 2.324850312263038177e-09
2.781221697389923975e-09 6.245512551572574012e-09 2.832001477770518250e-08 1.532674218651663978e-07 7.416987273245467804e-07 3.017965127583011054e-06 1.020960098685463890e-05 2.864978705474641174e-05 6.665370892733335495e-05 1.285452599404379725e-04 2.054937067441642284e-04 2.722984645515680313e-04 2.990849316120147705e-04 2.722984645515680313e-04 2.054937067441642284e-04 1.285452599404379725e-04 6.665370892733335495e-05 2.864978705474641174e-05 1.020960098685463890e-05 3.017965127583011054e-06 7.416987273245467804e-07 1.532674218651663978e-07 2.832001477770518250e-08 6.245512551572574012e-09 2.781221697389923975e-09
3.676065229996083872e-09 1.279097716633259552e-08 7.405563451357011218e-08 4.239955728735367302e-07 2.074868689305731095e-06 8.463507583655882627e-06 2.864978705474641174e-05 8.041144610615447164e-05 1.870896376203745604e-04 3.608221595641225576e-04 5.768211558461189270e-04 7.643523858860135078e-04 8.395498152822256088e-04 7.643523858860135078e-04 5.768211558461189270e-04 3.608221595641225576e-04 1.870896376203745604e-04 8.041144610615447164e-05 2.864978705474641174e-05 8.463507583655882627e-06 2.074868689305731095e-06 4.239955728735367302e-07 7.405563451357011218e-08 1.279097716633259552e-08 3.676065229996083872e-09
5.332681407566042253e-09 2.604400783923210838e-08 1.680158305816803477e-07 9.815803423407487571e-07 4.822012215299764648e-06 1.968599644897039980e-05 6.665370892733335495e-05 1.870896376203745604e-04 4.353033436927944422e-04 8.395498152822256088e-04 1.342479372397065163e-03 1.780995400622487068e-03 1.958267530426383018e-03 1.780995400622487068e-03 1.342479372397065163e-03 8.395498152822256088e-04 4.353033436927944422e-04 1.870896376203745604e-04 6.665370892733335495e-05 1.968599644897039980e-05 4.822012215299764648e-06 9.815803423407487571e-07 1.680158305816803477e-07 2.604400783923210838e-08 5.332681407566042253e-09
7.915478938969044975e-09 4.748066828597075073e-08 3.208493524198274827e-07 1.889408963506866712e-06 9.295629752159584314e-06 3.796221790253184736e-05 1.285452599404379725e-04 3.608221595641225576e-04 8.395498152822256088e-04 1.620496390387415886e-03 2.622285159304738045e-03 3.664558520540595055e-03 4.214683081954717636e-03 3.664558520540595055e-03 2.622285159304738045e-03 1.620496390387415886e-03 8.395498152822256088e-04 3.608221595641225576e-04 1.285452599404379725e-04 3.796221790253184736e-05 9.295629752159584314e-06 1.889408963506866712e-06 3.208493524198274827e-07 4.748066828597075073e-08 7.915478938969044975e-09
1.106670932671249830e-08 7.405563451357011218e-08 5.107658012093452271e-07 3.017965127583011054e-06 1.485742632212350145e-05 6.068453512853011489e-05 2.054937067441642284e-04 5.768211558461189270e-04 1.342479372397065163e-03 2.622285159304738045e-03 4.990853369235992432e-03 1.139477454125881195e-02 1.729385554790496826e-02 1.139477454125881195e-02 4.990853369235992432e-03 2.622285159304738045e-03 1.342479372397065163e-03 5.768211558461189270e-04 2.054937067441642284e-04 6.068453512853011489e-05 1.485742632212350145e-05 3.017965127583011054e-06 5.107658012093452271e-07 7.405563451357011218e-08 1.106670932671249830e-08
1.377967784321754152e-08 9.709793147294476512e-08 6.756096695426094811e-07 3.997702606284292415e-06 1.968599644897039980e-05 8.041144610615447164e-05 2.722984645515680313e-04 7.643523858860135078e-04 1.780995400622487068e-03 3.664558520540595055e-03 1.139477454125881195e-02 4.824018850922584534e-02 8.610425144433975220e-02 4.824018850922584534e-02 1.139477454125881195e-02 3.664558520540595055e-03 1.780995400622487068e-03 7.643523858860135078e-04 2.722984645515680313e-04 8.041144610615447164e-05 1.968599644897039980e-05 3.997702606284292415e-06 6.756096695426094811e-07 9.709793147294476512e-08 1.377967784321754152e-08
1.486390122096281630e-08 1.063323722405584704e-07 7.416987273245467804e-07 4.390538833831669763e-06 2.162206874345429242e-05 8.832121966406702995e-05 2.990849316120147705e-04 8.395498152822256088e-04 1.958267530426383018e-03 4.214683081954717636e-03 1.729385554790496826e-02 8.610425144433975220e-02 1.577199995517730713e-01 8.610425144433975220e-02 1.729385554790496826e-02 4.214683081954717636e-03 1.958267530426383018e-03 8.395498152822256088e-04 2.990849316120147705e-04 8.832121966406702995e-05 2.162206874345429242e-05 4.390538833831669763e-06 7.416987273245467804e-07 1.063323722405584704e-07 1.486390122096281630e-08
1.377967784321754152e-08 9.709793147294476512e-08 6.756096695426094811e-07 3.997702606284292415e-06 1.968599644897039980e-05 8.041144610615447164e-05 2.722984645515680313e-04 7.643523858860135078e-04 1.780995400622487068e-03 3.664558520540595055e-03 1.139477454125881195e-02 4.824018850922584534e-02 8.610425144433975220e-02 4.824018850922584534e-02 1.139477454125881195e-02 3.664558520540595055e-03 1.780995400622487068e-03 7.643523858860135078e-04 2.722984645515680313e-04 8.041144610615447164e-05 1.968599644897039980e-05 3.997702606284292415e-06 6.756096695426094811e-07 9.709793147294476512e-08 1.377967784321754152e-08
1.106670932671249830e-08 7.405563451357011218e-08 5.107658012093452271e-07 3.017965127583011054e-06 1.485742632212350145e-05 6.068453512853011489e-05 2.054937067441642284e-04 5.768211558461189270e-04 1.342479372397065163e-03 2.622285159304738045e-03 4.990853369235992432e-03 1.139477454125881195e-02 1.729385554790496826e-02 1.139477454125881195e-02 4.990853369235992432e-03 2.622285159304738045e-03 1.342479372397065163e-03 5.768211558461189270e-04 2.054937067441642284e-04 6.068453512853011489e-05 1.485742632212350145e-05 3.017965127583011054e-06 5.107658012093452271e-07 7.405563451357011218e-08 1.106670932671249830e-08
7.915478938969044975e-09 4.748066828597075073e-08 3.208493524198274827e-07 1.889408963506866712e-06 9.295629752159584314e-06 3.796221790253184736e-05 1.285452599404379725e-04 3.608221595641225576e-04 8.395498152822256088e-04 1.620496390387415886e-03 2.622285159304738045e-03 3.664558520540595055e-03 4.214683081954717636e-03 3.664558520540595055e-03 2.622285159304738045e-03 1.620496390387415886e-03 8.395498152822256088e-04 3.608221595641225576e-04 1.285452599404379725e-04 3.796221790253184736e-05 9.295629752159584314e-06 1.889408963506866712e-06 3.208493524198274827e-07 4.748066828597075073e-08 7.915478938969044975e-09
5.332681407566042253e-09 2.604400783923210838e-08 1.680158305816803477e-07 9.815803423407487571e-07 4.822012215299764648e-06 1.968599644897039980e-05 6.665370892733335495e-05 1.870896376203745604e-04 4.353033436927944422e-04 8.395498152822256088e-04 1.342479372397065163e-03 1.780995400622487068e-03 1.958267530426383018e-03 1.780995400622487068e-03 1.342479372397065163e-03 8.395498152822256088e-04 4.353033436927944422e-04 1.870896376203745604e-04 6.665370892733335495e-05 1.968599644897039980e-05 4.822012215299764648e-06 9.815803423407487571e-07 1.680158305816803477e-07 2.604400783923210838e-08 5.332681407566042253e-09
3.676065229996083872e-09 1.279097716633259552e-08 7.405563451357011218e-08 4.239955728735367302e-07 2.074868689305731095e-06 8.463507583655882627e-06 2.864978705474641174e-05 8.041144610615447164e-05 1.870896376203745604e-04 3.608221595641225576e-04 5.768211558461189270e-04 7.643523858860135078e-04 8.395498152822256088e-04 7.643523858860135078e-04 5.768211558461189270e-04 3.608221595641225576e-04 1.870896376203745604e-04 8.041144610615447164e-05 2.864978705474641174e-05 8.463507583655882627e-06 2.074868689305731095e-06 4.239955728735367302e-07 7.405563451357011218e-08 1.279097716633259552e-08 3.676065229996083872e-09
2.781221697389923975e-09 6.245512551572574012e-09 2.832001477770518250e-08 1.532674218651663978e-07 7.416987273245467804e-07 3.017965127583011054e-06 1.020960098685463890e-05 2.864978705474641174e-05 6.665370892733335495e-05 1.285452599404379725e-04 2.054937067441642284e-04 2.722984645515680313e-04 2.990849316120147705e-04 2.722984645515680313e-04 2.054937067441642284e-04 1.285452599404379725e-04 6.665370892733335495e-05 2.864978705474641174e-05 1.020960098685463890e-05 3.017965127583011054e-06 7.416987273245467804e-07 1.532674218651663978e-07 2.832001477770518250e-08 6.245512551572574012e-09 2.781221697389923975e-09
2.324850312263038177e-09 3.558647820867122391e-09 1.031632468340148989e-08 4.748066828597075073e-08 2.215350320966535946e-07 8.940136808632814791e-07 3.017965127583011054e-06 8.463507583655882627e-06 1.968599644897039980e-05 3.796221790253184736e-05 6.068453512853011489e-05 8.041144610615447164e-05 8.832121966406702995e-05 8.041144610615447164e-05 6.068453512853011489e-05 3.796221790253184736e-05 1.968599644897039980e-05 8.463507583655882627e-06 3.017965127583011054e-06 8.940136808632814791e-07 2.215350320966535946e-07 4.748066828597075073e-08 1.031632468340148989e-08 3.558647820867122391e-09 2.324850312263038177e-09
2.061486759075137343e-09 2.561248546584238284e-09 4.437187506312056939e-09 1.377967784321754152e-08 5.665031110879681364e-08 2.215350320966535946e-07 7.416987273245467804e-07 2.074868689305731095e-06 4.822012215299764648e-06 9.295629752159584314e-06 1.485742632212350145e-05 1.968599644897039980e-05 2.162206874345429242e-05 1.968599644897039980e-05 1.485742632212350145e-05 9.295629752159584314e-06 4.822012215299764648e-06 2.074868689305731095e-06 7.416987273245467804e-07 2.215350320966535946e-07 5.665031110879681364e-08 1.377967784321754152e-08 4.437187506312056939e-09 2.561248546584238284e-09 2.061486759075137343e-09
1.867871191052472568e-09 2.150013500568093150e-09 2.731015857904139921e-09 4.845828183164258007e-09 1.377967784321754152e-08 4.748066828597075073e-08 1.532674218651663978e-07 4.239955728735367302e-07 9.815803423407487571e-07 1.889408963506866712e-06 3.017965127583011054e-06 3.997702606284292415e-06 4.390538833831669763e-06 3.997702606284292415e-06 3.017965127583011054e-06 1.889408963506866712e-06 9.815803423407487571e-07 4.239955728735367302e-07 1.532674218651663978e-07 4.748066828597075073e-08 1.377967784321754152e-08 4.845828183164258007e-09 2.731015857904139921e-09 2.150013500568093150e-09 1.867871191052472568e-09
1.699081875194963231e-09 1.908446956022658014e-09 2.183566216729104781e-09 2.731015857904139921e-09 4.437187506312056939e-09 1.031632468340148989e-08 2.832001477770518250e-08 7.405563451357011218e-08 1.680158305816803477e-07 3.208493524198274827e-07 5.107658012093452271e-07 6.756096695426094811e-07 7.416987273245467804e-07 6.756096695426094811e-07 5.107658012093452271e-07 3.208493524198274827e-07 1.680158305816803477e-07 7.405563451357011218e-08 2.832001477770518250e-08 1.031632468340148989e-08 4.437187506312056939e-09 2.731015857904139921e-09 2.183566216729104781e-09 1.908446956022658014e-09 1.699081875194963231e-09
1.543354666289076249e-09 1.715383945999349180e-09 1.908446956022658014e-09 2.150013500568093150e-09 2.561248546584238284e-09 3.558647820867122391e-09 6.245512551572574012e-09 1.279097716633259552e-08 2.604400783923210838e-08 4.748066828597075073e-08 7.405563451357011218e-08 9.709793147294476512e-08 1.063323722405584704e-07 9.709793147294476512e-08 7.405563451357011218e-08 4.748066828597075073e-08 2.604400783923210838e-08 1.279097716633259552e-08 6.245512551572574012e-09 3.558647820867122391e-09 2.561248546584238284e-09 2.150013500568093150e-09 1.908446956022658014e-09 1.715383945999349180e-09 1.543354666289076249e-09
1.398910542960152270e-09 1.543354666289076249e-09 1.699081875194963231e-09 1.867871191052472568e-09 2.061486759075137343e-09 2.324850312263038177e-09 2.781221697389923975e-09 3.676065229996083872e-09 5.332681407566042253e-09 7.915478938969044975e-09 1.106670932671249830e-08 1.377967784321754152e-08 1.486390122096281630e-08 1.377967784321754152e-08 1.106670932671249830e-08 7.915478938969044975e-09 5.332681407566042253e-09 3.676065229996083872e-09 2.781221697389923975e-09 2.324850312263038177e-09 2.061486759075137343e-09 1.867871191052472568e-09 1.699081875194963231e-09 1.543354666289076249e-09 1.398910542960152270e-09
