loss: 0.5201532244682312
star_count_acc: 0.0
galaxy_counts_acc: 1.0
locs_mae: 0.8334527611732483
fluxes_mae: 0.6575990915298462
time_this_iter_s: 5.177558422088623
done: true
timesteps_total: null
episodes_total: null
training_iteration: 200
experiment_id: 2df4cc40ea484a83b4ac03999cfbd36d
date: 2021-01-24_00-29-13
timestamp: 1611466153
time_total_s: 1002.0972497463226
pid: 3490669
hostname: deeplearning-01
node_ip: 141.211.211.80
config:
  enc_conv_c: 30
  enc_kern: 3
  enc_hidden: 220
  lr: 0.0009695475280569662
  weight_decay: 2.1900572115661158e-05
time_since_restore: 1002.0972497463226
timesteps_since_restore: 0
iterations_since_restore: 200
trial_id: c1e275d4
experiment_tag: 198_enc_conv_c=30,enc_hidden=220,enc_kern=3,lr=0.00096955,weight_decay=2.1901e-05
